1999529, 6333.60
1787973, 6717.27
1622341, 3058.70
1473739, 6466.60
2028449, 9877.98
1385510, 10287.81
1291603, 11323.71
1199169, 12060.77
2011422, 11455.95
1607773, 5032.21
1236371, 9877.98
1436087, 20582.22
2214771, 9585.67
2007824, 20252.38
1659591, 11103.41
2355483, 4455.22
1145141, 12060.77
1053268, 8982.69
2350441, 6627.43
1380033, 7294.33
1616381, 3998.03
2354460, 5208.93
1186040, 12060.77
2215190, 5208.93
1192502, 20472.45
1870700, 3901.48
2336841, 4209.12
1702161, 15806.58
1981139, 7180.16
1599639, 4679.12
2356853, 2446.96
1885384, 9877.98
1178385, 2624.67
1642529, 6713.10
2019123, 9877.98
1974636, 7262.62
1064049, 3301.93
1851748, 18054.82
1453036, 12149.70
1236466, 12512.71
1579643, 17699.42
2214070, 6627.43
1727329, 4033.56
1997870, 13476.79
2354058, 4455.22
1433752, 18024.72
1274228, 12060.77
1889175, 4157.95
1869968, 12512.71
2350998, 9585.67
1841825, 12221.88
1827339, 22545.40
1003912, 13114.52
2075168, 12951.95
1363141, 12512.71
1224552, 16952.79
1783549, 4033.56
1574677, 9197.80
1716979, 4015.15
1977814, 6466.60
1000500, 6831.01
2081469, 3769.41
1879277, 16325.34
1659419, 5646.82
1034447, 9585.67
2256133, 9585.67
1648853, 2641.55
2353129, 6627.43
1685332, 12221.88
2213275, 5434.85
2085250, 9585.67
2359752, 4241.05
1929129, 4033.56
1386715, 7729.18
1254796, 4455.22
1147994, 6466.60
1053627, 2813.99
1817287, 18943.95
2359799, 2446.96
1665916, 4455.22
2247856, 3527.89
1365625, 5767.53
1586588, 6723.36
2357008, 2446.96
1591579, 3121.76
1638971, 2020.92
1252365, 12433.71
1933683, 4153.96
1352475, 19630.58
2353194, 6627.43
2084556, 2542.40
1331542, 9877.98
2216298, 9585.67
1277555, 7103.91
1582051, 11323.71
1093877, 21172.09
1416456, 6384.26
1923140, 4760.53
1418734, 16325.34
1682471, 2641.55
1908067, 9877.98
1843732, 6627.43
1132481, 7224.78
1845643, 3434.01
2213508, 9585.67
2357045, 1685.73
1422515, 12958.94
1473223, 5752.79
1107880, 6333.60
2358070, 2446.96
2207779, 3552.08
1769247, 3058.70
1739670, 8622.40
1578735, 2729.66
1146067, 4663.65
1122514, 4455.22
2214423, 9585.67
2085279, 6354.60
1936435, 5360.23
2206499, 3058.70
2348275, 3117.22
1629099, 4807.14
1689085, 4320.12
2355411, 4455.22
1824912, 8328.78
2040590, 16616.44
1245139, 11323.71
1806422, 12060.77
2355758, 2446.96
1358055, 17794.91
2355507, 4455.22
2202991, 3058.70
2238704, 2089.12
2351209, 4455.22
2212447, 4180.66
2351768, 6627.43
1431784, 4320.12
2205469, 4180.66
1722815, 11323.71
1279800, 11629.58
1740574, 12663.62
1940609, 9585.67
1147511, 12512.71
2057279, 12527.75
1022235, 12527.75
1199586, 15806.58
2356477, 1945.07
1960880, 7430.61
1926784, 9877.98
2263986, 2006.73
1466329, 15806.58
1598513, 5554.83
1813438, 7430.61
1984862, 2641.55
2326708, 4180.66
2182452, 6627.43
2212466, 5434.85
1675344, 8885.51
1103481, 13410.88
2352336, 9585.67
1103046, 10726.03
1129632, 9229.59
1910500, 6918.24
1644517, 3301.93
2038465, 16697.76
1771771, 6580.61
1437421, 12958.94
1810309, 12512.71
1039781, 10776.15
2359357, 2446.96
1260506, 12214.89
1145393, 12149.70
1391423, 4964.43
1070570, 4944.90
1193493, 16325.34
1900802, 12512.71
1582740, 6067.81
2086866, 3658.25
2206687, 4180.66
1861601, 6837.25
1310432, 6333.60
1925869, 11629.58
1655386, 12060.77
1665922, 15444.09
1059730, 3329.21
1618066, 9877.98
2200353, 2431.33
2234671, 5697.61
1644924, 12512.71
1066003, 2324.05
1775911, 4598.27
2351738, 5208.93
1325265, 17200.20
2086825, 2624.67
2155223, 4455.22
1858635, 5151.02
1186962, 11323.71
1003733, 3780.59
2350576, 4455.22
1413741, 2729.66
1484590, 3121.76
1360174, 9877.98
1839499, 3150.71
2230811, 0.00
1004503, 2099.74
1811026, 3906.70
1422184, 4513.12
1648878, 12629.26
1316089, 9535.10
1628614, 12060.77
1471961, 12060.77
2215048, 2446.96
1497681, 3121.76
1398513, 3301.93
1999828, 21980.42
2355303, 6627.43
2352411, 4455.22
1748698, 9877.98
2350545, 4455.22
1326331, 4597.58
2350724, 6627.43
2356128, 2446.96
1944742, 9585.67
1524383, 3323.17
1087013, 6837.25
2357397, 1945.07
1982188, 17641.71
1719983, 4153.96
1114551, 9169.89
2219598, 5208.93
1382885, 17699.42
2350517, 4455.22
1737045, 14843.37
1474274, 7436.80
1136329, 12060.77
1308100, 7994.33
2340558, 5742.14
1124168, 2946.72
1434412, 12060.77
1213481, 9585.67
1769044, 12512.71
1068248, 8905.66
1353940, 6095.86
1103889, 12512.71
1012427, 3847.96
2019249, 5383.52
2355163, 9585.67
1633744, 6627.43
1122844, 4757.50
1638275, 5646.82
1465263, 12512.71
1412983, 3241.10
1178196, 21027.71
2357450, 4455.22
1929398, 7311.25
2064988, 15806.58
2081996, 2526.15
2214581, 6627.43
2355070, 6627.43
1337949, 7677.61
1024778, 17718.31
1117922, 6333.60
1088218, 4757.50
1923671, 15806.58
1052178, 2624.67
1582704, 6580.61
1899198, 5379.78
1332397, 3432.24
2012326, 4033.56
1345828, 4455.22
1879301, 5867.05
1273158, 11323.71
2240078, 6962.34
1092990, 11629.58
1156520, 5991.00
1014093, 16616.44
1527251, 5867.05
1148976, 5499.23
1246616, 20684.48
2082890, 3962.32
1729692, 11629.58
1707792, 31636.73
2355983, 4241.05
1871796, 7728.43
1015772, 3483.08
2350481, 9585.67
1251616, 3780.59
1030931, 6859.94
2216866, 5208.93
1103574, 3224.22
1834322, 21172.09
1903665, 11699.32
2227108, 2234.33
1972238, 2414.70
1849631, 5208.93
2355735, 2446.96
1463694, 6365.73
2359257, 2446.96
2356016, 4241.05
1722020, 7098.43
1699225, 15806.58
1378152, 6627.43
1556058, 5867.05
2084928, 2641.55
1163351, 11629.58
2085710, 2641.55
1865129, 8878.69
2061227, 7969.78
1211974, 8673.11
1770401, 11323.71
1629865, 7430.61
1730485, 4944.90
1562861, 17053.11
1919491, 9601.63
1662892, 11629.58
1173430, 4157.95
1083082, 6424.60
1537571, 8971.73
2007076, 6720.96
1746834, 15806.58
1941455, 18098.27
2072345, 4001.88
1042636, 7294.33
1726939, 5281.14
1848768, 12060.77
1927248, 5720.72
1579349, 6244.43
2351152, 4455.22
1942313, 3894.80
1169415, 18024.72
1821420, 5157.63
2262747, 2446.96
1501586, 12060.77
2358018, 2446.96
1483960, 9171.24
1595419, 5112.67
2350592, 5208.93
1077087, 5207.14
1585890, 11323.71
1708529, 20598.46
1432311, 11474.52
1079066, 8073.56
1024959, 4447.51
2029743, 5767.53
1404729, 11323.71
1979939, 10356.91
1255891, 9877.98
1849345, 6466.60
1052151, 5211.30
1171251, 2414.70
1685464, 3655.48
1636486, 3061.65
1503158, 7728.43
1029827, 12289.22
2000499, 4455.22
2040551, 5731.29
1943725, 7512.01
1664189, 30944.07
2359927, 2446.96
1686290, 25121.22
1252283, 4455.22
1552398, 2542.40
1084934, 5360.23
1437931, 9877.98
1766515, 3822.03
1815634, 12512.71
1523765, 21495.65
1250776, 16248.12
1055066, 4605.72
1080867, 3305.12
1374502, 18177.92
1220486, 24711.87
1062264, 19440.48
1606571, 19342.38
1245563, 8306.11
1161936, 4286.88
1346141, 11629.58
1972653, 8495.64
2354457, 6627.43
1998735, 5258.72
1280204, 8354.52
1249619, 19684.05
2356636, 2446.96
1089525, 11629.58
1294737, 4810.63
1185480, 10185.22
1784208, 2414.70
1811868, 11323.71
1481608, 11842.06
1253624, 9386.71
1373232, 21161.37
2358037, 2446.96
1978154, 13095.48
1837758, 10782.50
1887920, 12512.71
2352156, 6627.43
1985662, 5867.05
1038742, 4902.92
1954510, 6837.25
1918426, 5112.67
1148428, 17223.51
1746262, 10503.66
1501759, 17053.11
1272767, 19618.01
2351856, 5208.93
1118553, 3241.10
1136836, 15806.58
1330289, 9197.29
2067768, 6258.40
1031301, 5816.17
2011617, 2650.87
1370469, 6333.60
2213336, 6354.60
2003392, 2729.66
1957123, 8630.04
1426694, 13998.17
1275978, 4641.86
2352445, 6627.43
1370391, 6256.36
2358764, 4455.22
1944846, 5383.52
1497190, 9877.98
2088904, 3301.93
1703562, 16952.79
2347607, 2806.08
1700643, 7994.33
1585851, 6333.60
1533203, 6837.25
1373809, 13403.89
1483021, 0
1410946, 15806.58
1433404, 16325.34
2214710, 2836.38
1257175, 6627.43
1261213, 4679.12
1719445, 11978.71
1684520, 6466.60
1257268, 9877.98
2214687, 2446.96
1287569, 5560.72
1656106, 4688.40
1883396, 13410.88
2352214, 6627.43
1156452, 5360.23
1602939, 18756.78
1654844, 4601.43
1763421, 4601.43
1964568, 11629.58
1619994, 9585.67
1737911, 9585.67
1749617, 12060.77
1622000, 9585.67
1032746, 17240.13
1902063, 9585.67
2017476, 5434.85
1399580, 3097.72
1966997, 6580.61
2007700, 2962.82
2091856, 3301.93
1133807, 3847.95
1500021, 4455.22
1318424, 6837.25
2350589, 6627.43
1711238, 7728.43
1325721, 3301.93
2355010, 6627.43
2214516, 6627.43
1343266, 12760.12
1345124, 4157.95
1905050, 9877.98
1361290, 12512.71
1819494, 12214.89
2261881, 6627.43
1078668, 6820.80
1093673, 8073.56
1338259, 22206.83
1606942, 3998.03
1212964, 13112.26
1370390, 11497.94
1400299, 17983.30
1272153, 12531.47
1576237, 4544.05
2070739, 4447.51
1707147, 4157.95
2064546, 6926.96
2359630, 2446.96
1968055, 4455.22
1740701, 4401.04
1900803, 12264.60
1298735, 10654.29
2215795, 9585.67
1985529, 11629.58
2214953, 4455.22
1881920, 3797.98
1310775, 13410.88
1437008, 8073.56
1236639, 7287.00
1265790, 16952.79
1349584, 18138.30
1441397, 7380.95
1549466, 12527.75
1656593, 11535.65
2066560, 4944.90
2019777, 9585.67
1970521, 11323.71
1351841, 17359.46
1554337, 9877.98
1697461, 12958.94
1988580, 5460.50
1552418, 8073.56
2204472, 4780.21
1852588, 16325.34
1932885, 2627.19
2352745, 6627.43
1397580, 8958.28
1661460, 6498.88
1194630, 4065.79
1226089, 7729.18
2215387, 5434.85
1083159, 3564.51
1927261, 7459.49
1053148, 10776.15
1893851, 11629.58
2356116, 2970.15
1330677, 3301.93
1256641, 5867.05
1745269, 13212.03
1837257, 6333.60
1272531, 8630.04
2213452, 10476.85
1431829, 9877.98
2020707, 3037.78
2091601, 6859.94
1096409, 11139.55
1851279, 10623.57
1257966, 7262.62
1849244, 6837.25
1731043, 6966.86
1441627, 0
1029616, 0
2064764, 17053.11
1012514, 11629.58
1222688, 6627.43
1975981, 5060.42
2355310, 4455.22
1044683, 9585.67
1819043, 20117.83
1898469, 5867.05
1659277, 4154.11
2351715, 4455.22
1764831, 5867.05
1221096, 7430.61
1377550, 8271.72
2225115, 0
2236813, 3527.89
2356610, 2202.26
1852849, 12512.71
1281667, 5784.80
1735563, 12060.77
1654000, 7897.96
1988926, 12512.71
1468144, 9877.98
1798707, 3532.73
1397145, 7095.93
1610725, 2641.55
2353464, 6627.43
1765222, 16697.76
1555237, 18484.33
1758748, 9862.49
1291098, 3434.01
1318621, 5208.93
1810239, 18532.89
1179136, 18876.84
2015466, 5867.05
2091364, 3434.01
1288366, 6333.60
2356473, 3121.76
2353815, 6627.43
1361127, 4155.79
2352619, 6627.43
1770969, 6333.60
1157733, 4455.69
1630559, 5867.05
2055921, 9567.23
1225842, 9585.67
2017702, 6837.25
1187487, 10109.41
1643247, 12958.94
1555792, 5406.69
2220861, 5682.26
1647782, 5867.05
1472896, 3821.15
2230634, 5208.93
1985359, 7226.75
2356600, 2691.66
1655143, 20739.52
1023273, 18950.61
2358198, 2446.96
1055589, 12060.77
1301161, 5867.05
1326559, 9730.85
1069404, 5867.05
1949375, 29950.84
1700361, 7103.91
1101549, 6318.36
1213195, 12958.94
1835163, 12225.07
1967492, 12221.88
1342159, 9877.98
2067638, 3970.17
1683168, 8349.32
1865551, 16032.37
2032688, 4455.22
2207370, 9585.67
1126582, 16032.37
1074569, 3998.03
1335385, 3906.18
1402148, 12745.81
1784110, 12512.71
1124487, 13403.89
1127630, 3658.25
1066624, 6627.43
2075960, 15806.58
1398082, 12958.94
1233961, 2624.67
1750803, 5570.30
1711087, 18686.55
2353990, 6627.43
1732938, 9877.98
1135651, 5867.05
1329355, 8140.05
2058241, 16325.34
2354354, 4455.22
1214159, 15806.58
2356998, 4180.66
1786910, 2727.03
2359114, 2446.96
1026276, 5360.23
1049535, 11323.71
1959199, 7399.35
2351420, 4455.22
1249088, 6859.94
1180191, 17240.13
2018860, 12060.77
1857035, 4153.96
2358897, 2202.26
1448980, 8004.99
1218296, 4001.88
2025847, 4652.43
1841017, 7131.00
1330709, 9877.98
1085653, 13410.88
1281826, 12060.77
2353958, 4455.22
1884701, 11323.71
1682742, 3241.10
2222036, 6100.11
2046533, 8073.56
2351710, 6627.43
1674999, 7677.61
2251283, 0
1167045, 13647.38
1897421, 11629.58
1696846, 3434.01
1067796, 3797.98
1594375, 4334.44
1559955, 6466.60
1378692, 12512.71
1210507, 17641.71
2352036, 6627.43
2336959, 6627.43
1228852, 2641.55
1325095, 6859.94
1216126, 9116.03
2084667, 3191.60
1830780, 17414.53
1993798, 8073.56
1745253, 5867.05
1599359, 3434.01
1548106, 2624.67
2357578, 4241.05
1383382, 9877.98
2019287, 12060.77
1227790, 10483.84
2244055, 4209.12
1483426, 12631.89
2358040, 4455.22
2358105, 2446.96
1596355, 12060.77
1954574, 11323.71
1977009, 3181.04
1209407, 2833.38
1778530, 7015.68
1357186, 18961.55
2089248, 2641.55
1620703, 16325.34
1312708, 9585.67
2355090, 6627.43
1915083, 4256.55
2359628, 3552.08
1591079, 5208.93
2359198, 2446.96
1699644, 12512.71
2023767, 6627.43
1775573, 7282.43
1428354, 4455.22
1517256, 4153.96
1047395, 12512.71
1507544, 4663.65
1628586, 8971.73
2352162, 6627.43
1443221, 18205.64
1091907, 9877.98
2097213, 5434.85
1523996, 12512.71
2212626, 5208.93
1541138, 2720.05
1173366, 8630.04
1865847, 12512.71
1738677, 2519.68
1416234, 12527.75
2032781, 8630.04
1861149, 5752.79
1856722, 20598.46
1970458, 12060.77
1818988, 2641.55
1914165, 4320.12
1537819, 15806.58
1426176, 12060.77
1624843, 3224.22
2038114, 5867.05
2358579, 2202.26
1008290, 4757.50
2232489, 3527.89
1880072, 12060.77
1527059, 7892.64
2213587, 2446.96
1155148, 12512.71
1916864, 3078.37
1917184, 6095.86
2087568, 2641.55
2351178, 5208.93
1706964, 6118.86
2350925, 5208.93
1960860, 29789.89
1458166, 11323.71
2352354, 6627.43
2354381, 4455.22
2216859, 9585.67
1925004, 6837.25
2354231, 6627.43
1534978, 9585.67
1377786, 16325.34
1677054, 3434.01
2351059, 4455.22
1835238, 11323.71
1457138, 3301.93
1855275, 9585.67
1089035, 16907.52
1834134, 25772.58
2355228, 6627.43
1769295, 6627.43
1289757, 6837.25
1611737, 5867.05
2352680, 4455.22
1542010, 3181.04
1670245, 6711.74
1901807, 8673.11
2213437, 4780.21
1287948, 13533.81
1303285, 16020.99
2048624, 3769.41
1005273, 5208.93
1549816, 12060.77
1469218, 22990.71
1532203, 5208.93
1189712, 3169.86
2046154, 5208.93
2353614, 2236.29
1345376, 5138.20
1523894, 4320.12
1157562, 2624.67
1326948, 5867.05
1364449, 7897.96
2014163, 3241.10
2051923, 3703.52
1211340, 17053.11
2352782, 6627.43
1229902, 2624.67
1695772, 2833.38
1390666, 6627.43
1080250, 4525.19
1266135, 15897.44
1748389, 9877.98
2114858, 4455.22
1204115, 5083.57
1680881, 6627.43
1740999, 23828.60
1947152, 13095.48
2353209, 6627.43
1546074, 9585.67
1852658, 18679.05
1511793, 3149.96
1066114, 16325.34
1400225, 12229.13
1757598, 12277.36
2084446, 6627.43
1644874, 9197.80
2056678, 15806.58
1353814, 3181.04
2020611, 10183.85
2236649, 4455.22
1030785, 6837.25
1456956, 4157.95
1967251, 7525.60
2263917, 5742.14
1787124, 15806.58
1673226, 9513.58
1832505, 8328.78
1581875, 3998.03
1150647, 11323.71
2351984, 6627.43
1406393, 20940.04
2353277, 6627.43
2359091, 2446.96
2164749, 2446.96
2355164, 4209.12
2198408, 1945.07
1853762, 22499.18
2050835, 5867.05
1092550, 6581.01
1660650, 5353.39
1900088, 20119.69
1511460, 6466.60
2249667, 9585.67
2090041, 4455.22
1432259, 5867.05
1975692, 12221.88
1479788, 3421.40
1570468, 12060.77
2239056, 4180.66
2356430, 2446.96
2353611, 4455.22
1537032, 5181.45
1245238, 12060.77
1339518, 3851.66
1640982, 6837.25
1518482, 15806.58
2332036, 2446.96
1521339, 18131.31
1663448, 7380.95
1254739, 13112.26
1893718, 5543.66
1842849, 11323.71
1264157, 8453.97
2351581, 6627.43
1034730, 3837.90
1040519, 5867.05
1399267, 15806.58
1131450, 2624.67
2354626, 23125.26
1425090, 18637.53
2218516, 10483.84
2351248, 9585.67
1779686, 4022.79
1570012, 9877.98
2351504, 6627.43
1849980, 14622.50
1142716, 15941.05
2091396, 6859.94
2351878, 9585.67
2356897, 4455.22
2358658, 2446.96
1235051, 11323.71
1777498, 12060.77
1240247, 13410.88
1379312, 6758.23
1600244, 3540.12
1944757, 2796.64
1350688, 3901.48
1645747, 11524.47
1608217, 7262.62
1527704, 9585.67
1246965, 4033.56
1316053, 3562.37
2040350, 9585.67
1555992, 6580.61
1653114, 18446.05
1945036, 8630.04
1273919, 9585.67
1112938, 6627.43
1617668, 7262.62
1392716, 12221.88
1739667, 4157.95
1400916, 3279.35
1502355, 9877.98
1790607, 21930.65
1060555, 12512.71
1188685, 12512.71
1417696, 0.00
1027025, 9585.67
1919569, 8475.39
1110437, 6501.53
1996161, 4806.19
1896875, 9585.67
1874435, 7430.61
2266417, 3117.22
1388235, 16325.34
2214873, 6034.40
2047080, 3241.10
1633379, 6859.94
2358077, 3762.59
2206311, 3306.11
1457598, 12512.71
1047329, 6354.60
2066277, 12631.89
1397200, 4513.12
1813181, 9877.98
1941115, 2814.00
1916070, 5867.05
1106479, 12512.71
1301999, 7380.95
1490589, 12512.71
2031633, 6498.88
1932347, 4652.43
1175682, 4320.12
1335798, 4095.37
1795625, 11323.71
1652434, 17122.90
1933739, 4001.88
1752791, 7430.61
1167349, 12421.17
1648532, 4724.69
1477836, 15806.58
1164484, 8004.99
2359676, 3117.22
1848894, 17871.51
2355410, 4455.22
1916023, 3566.08
1158251, 2643.73
1141635, 16096.46
2216399, 2528.59
1065873, 8073.56
1463293, 6520.20
1158925, 18637.54
2351073, 6627.43
1993694, 6831.01
1715810, 17056.75
1637094, 16952.79
1630301, 10207.41
1069643, 16325.34
1228762, 3549.34
1357708, 16032.37
1972803, 4764.81
2025116, 10913.94
1002701, 11629.58
2086824, 3241.10
1345520, 16523.35
1423236, 7103.91
1072861, 4320.12
1016492, 21060.94
2355152, 6627.43
2021719, 4447.51
1757317, 8971.73
1355347, 5049.13
1729091, 5767.53
1504033, 11629.58
1565685, 5867.05
1078840, 12512.71
1474092, 11323.71
1768428, 11765.45
2182524, 4180.66
1592852, 16952.79
1687201, 22367.84
1629527, 13410.88
2083388, 6627.43
1879607, 12189.39
1287237, 12512.71
1092304, 11629.58
1248071, 15806.58
2215311, 6627.43
1171247, 6354.60
1578538, 12512.71
1398855, 9877.98
1563266, 4455.22
1156291, 19326.24
1995532, 10623.57
1717636, 12060.77
1679552, 6831.01
1083095, 11323.71
1341050, 7936.65
2352065, 5208.93
1563202, 8971.73
1435596, 13095.48
2003281, 17794.91
1586221, 2729.66
1791018, 12512.71
1457107, 6828.02
1632907, 12060.77
1653800, 17223.51
1338186, 13410.88
1140077, 4513.12
1521248, 5958.59
2204925, 10483.84
1222153, 12398.09
1456232, 6580.61
2240472, 5434.85
1245457, 19326.24
1938203, 5867.05
1499214, 8160.79
1330573, 3301.93
2357927, 2970.15
1012354, 6627.43
2351629, 6627.43
1574145, 4559.41
1186072, 5843.07
2204548, 6627.43
2215604, 6034.40
2234924, 4455.22
1612915, 8475.39
1806830, 3742.79
1740793, 3119.23
1415760, 5942.39
2073548, 3014.25
1092872, 5360.23
2359312, 2039.13
1469390, 5259.43
2216552, 5016.79
1145812, 12872.70
2214025, 4864.98
1294722, 5867.05
1789421, 3014.25
1402062, 17170.04
1444232, 4455.22
1154366, 6627.43
1362443, 18539.88
1795499, 22186.54
1478371, 7262.62
1378223, 17850.96
1725930, 11323.71
2171839, 9585.67
1763901, 3677.92
1510228, 2414.70
2353613, 6627.43
1697328, 5867.05
1669781, 12512.71
1089084, 5643.89
1777556, 6837.25
1442240, 4451.21
1903515, 5189.41
1409761, 19846.43
1015266, 11825.77
1204203, 8630.04
1125494, 7703.46
1222281, 9171.24
1496057, 6933.15
1253047, 3940.54
1556903, 9729.70
1927159, 18539.88
1009809, 21762.84
1366721, 5867.05
1518522, 12189.39
1726700, 4679.12
1863647, 9169.89
2358248, 2446.96
1998925, 6627.43
1057916, 12071.86
1439129, 5867.05
1996287, 2414.70
1994348, 3847.96
1079933, 5867.05
1147972, 16325.34
2200416, 5742.14
1507968, 7308.00
1388745, 2946.72
1207046, 6330.31
2355139, 9585.67
1300315, 3428.45
1144054, 6333.60
1998115, 3546.27
1277087, 16325.34
1179998, 9585.67
1660740, 21172.09
1007038, 3847.96
1142749, 8271.72
1360517, 12060.77
1593573, 4001.88
1120512, 12060.77
2352874, 6627.43
1738811, 7521.54
1310069, 6665.70
1782708, 7525.60
1285707, 18539.88
1897564, 11629.58
1908059, 10207.50
1703676, 5867.05
1095224, 3181.04
1021439, 3788.00
1750102, 12512.71
2213620, 6627.43
1685186, 17803.42
1732765, 3637.33
1194344, 6466.60
1220254, 12060.77
2030464, 2526.15
2027986, 10504.02
1080293, 9877.98
1520418, 11323.71
1572888, 2606.71
2351085, 6627.43
2063407, 4628.98
1409624, 5113.33
1287925, 12512.71
1302499, 12060.77
2248656, 0
2091949, 6627.43
1085165, 12512.71
1123139, 16325.34
1713831, 10776.15
2078582, 0
1044406, 18686.55
1806897, 8128.12
1502858, 5632.58
1682758, 17948.12
1854043, 3998.03
1363839, 17718.31
1410044, 12060.77
1339310, 9877.98
1023708, 8519.13
1329299, 8630.04
1979913, 13095.48
2347401, 5697.61
1925151, 3058.70
1022042, 3014.25
2023498, 6673.03
1023710, 5594.18
1117746, 5208.93
2351899, 4455.22
2216283, 6627.43
1596348, 2414.70
1871458, 11323.71
1133412, 4893.06
1972721, 13553.55
1176653, 5051.21
1869858, 9877.98
1238129, 12512.71
2216823, 9585.67
1784117, 10356.91
1113798, 18024.72
1188039, 6933.15
1165590, 2641.55
1833470, 3178.00
2204413, 3121.76
1135853, 3301.93
2352897, 5208.93
1579941, 5867.05
1321859, 3980.04
1700729, 4358.71
2060161, 3301.93
1074940, 8306.11
1973507, 6723.36
1869619, 6831.01
2353904, 9585.67
1118057, 7380.95
1088564, 6831.01
1547178, 3456.09
1260463, 12060.77
1720506, 16523.35
1433437, 3301.93
1909115, 10776.15
1702458, 2641.55
1075972, 10126.76
2088911, 3434.01
1504832, 6466.60
1299403, 4447.51
1833878, 16170.46
1972805, 18714.14
2358508, 2039.13
1677609, 2833.38
2358555, 2446.96
2051055, 11323.71
2053051, 3301.93
1310537, 9877.98
1431150, 10953.27
1940192, 17223.51
1000676, 16837.78
1098388, 3198.43
1301813, 19927.62
1007293, 4889.21
1152378, 4001.88
2080727, 3901.48
1417004, 5928.66
1625126, 9166.87
1917621, 12958.94
1602809, 4757.50
2058341, 13759.98
1822562, 10646.27
2083271, 5434.85
1090451, 14649.23
2034007, 17718.31
1580945, 3434.01
1028356, 3847.96
2004705, 16113.97
1552507, 12221.88
1102132, 9877.98
1625225, 20284.76
1062351, 5247.20
1908137, 18024.72
2214661, 5353.39
1158430, 9877.98
1041658, 5049.13
1792386, 4601.43
1757808, 3564.51
1402481, 2508.87
1482585, 5715.84
1481564, 4139.67
1137311, 4652.43
1269110, 20663.41
1653309, 4059.98
1426832, 11323.71
1215435, 12512.71
1800496, 3650.05
1206087, 19070.25
1141406, 16142.33
1210456, 11629.58
1871113, 11323.71
1659930, 7746.42
1595260, 9668.43
1770241, 11629.58
1689952, 7600.32
1917163, 8151.47
1231085, 16834.78
1704999, 9877.98
1433574, 4157.95
2354451, 9585.67
1107005, 5867.05
2260908, 4209.12
1687519, 4033.56
1434552, 17216.52
1787971, 12483.39
1487249, 5315.10
2351154, 5208.93
2215770, 4780.21
2085462, 2414.70
2212475, 9585.67
1522030, 3273.60
1331450, 6627.43
2040339, 20759.79
1419269, 13530.06
1062577, 17421.52
1645061, 4845.54
1280498, 4680.55
1640037, 2684.83
1771967, 11261.53
1744267, 17976.43
1094408, 5537.39
1821439, 16325.34
1727487, 12512.71
2035709, 4919.67
1768184, 6007.61
1430987, 5165.88
1002069, 15580.43
1728767, 22782.82
1496380, 16952.79
1756458, 3687.72
1900405, 4659.17
1847293, 4282.18
1146825, 8971.73
1496926, 12770.72
1628844, 7865.83
1623326, 7436.80
1789422, 22499.18
1086568, 12493.03
1550769, 17850.96
1403872, 5867.05
1234521, 12060.77
1005192, 6627.43
1211055, 11262.29
1128119, 11485.52
1107205, 0
1673836, 3181.04
1023026, 6137.83
1858518, 6723.36
2045450, 6627.43
1874718, 9585.67
1133905, 8526.00
1009644, 3329.21
2011870, 4486.27
1869830, 17995.52
1226753, 3078.37
1836337, 19846.43
1942214, 12512.71
1668215, 9877.98
1598246, 18686.55
1189175, 3241.10
1655545, 3555.38
1686020, 4652.43
1292339, 5032.21
1340400, 7380.95
1767122, 3301.93
1271039, 3198.43
1020276, 19556.77
1271103, 5235.21
1869065, 6466.60
2352534, 5208.93
1928697, 8271.72
1353061, 1945.07
1293869, 13678.25
1680938, 3189.83
2359343, 4180.66
1323374, 3181.04
2077856, 4209.12
1820610, 4944.90
1399113, 7425.27
1019533, 17794.91
1901139, 2888.96
2357399, 2202.26
1985927, 11684.00
1281441, 7436.80
1832935, 3413.55
1272708, 17780.88
1367005, 6627.43
1948908, 4559.41
2339802, 3527.89
1254382, 4872.00
2347113, 3117.22
2215033, 6627.43
1612155, 2946.72
1284952, 9585.67
1769118, 8073.56
1860490, 12221.88
1112128, 6318.36
1962469, 6831.01
2354797, 4455.22
2357380, 2446.96
2357990, 4180.66
1007585, 15806.58
2359702, 2446.96
1761714, 2412.83
1172266, 5360.23
1686485, 9386.71
2350322, 4455.22
2030096, 17421.52
1908741, 9585.67
1727200, 9877.98
2351434, 4455.22
1088620, 16325.34
1827548, 7223.18
1675616, 6627.43
1478998, 16325.34
1768608, 3301.93
1025350, 12512.71
1740365, 3678.19
2087593, 4241.05
1228338, 6538.00
1345286, 6758.23
2350437, 6627.43
1343448, 6498.88
2073384, 4753.51
1289938, 8349.27
1346367, 2641.55
2083955, 4325.19
1623121, 20658.33
1545811, 16325.34
2091737, 2641.55
1469606, 3119.23
1524614, 17359.46
1687050, 5899.09
1008875, 6333.60
1274601, 20653.33
1674722, 4861.61
1717358, 3301.93
1989348, 17216.52
1535095, 9877.98
1806773, 5873.12
2356788, 3762.59
1061573, 2962.82
1173973, 3434.01
1541824, 5867.05
1133447, 7525.60
1983282, 7430.61
1670917, 18177.92
1163849, 7430.61
1136799, 15806.58
1600914, 21722.97
1171447, 9877.98
1887203, 17251.44
1283278, 4652.43
2006422, 20525.64
1955947, 7262.62
1368335, 17803.42
1098501, 7104.57
1044773, 20171.19
1431235, 4320.12
1085401, 3344.12
1989346, 4358.34
1364410, 7948.71
1084173, 19765.24
2356267, 1945.07
2034016, 2624.67
2226435, 3061.41
1513408, 5650.76
1802302, 3434.01
1826979, 16704.75
2356063, 2446.96
2354049, 5208.93
2065704, 12060.77
1159981, 16952.79
2355952, 2202.26
2009344, 11323.71
1406856, 3434.01
1275003, 7380.95
1960337, 18402.37
1915513, 5605.86
1476501, 15806.58
1630558, 8905.66
1042157, 16704.75
1139129, 7677.61
2351374, 6627.43
1319184, 4001.88
1323358, 15806.58
1766509, 5211.30
1352174, 12060.77
1925046, 7703.46
1886052, 3078.37
1365914, 15806.58
1540683, 13410.88
1960547, 23968.75
1472849, 3178.00
1495806, 10776.15
1991936, 3434.01
1998864, 4157.95
2121886, 3712.68
1793883, 12229.13
1558448, 12060.77
1670500, 12629.34
1362392, 10726.03
1756002, 9585.67
1141990, 15806.58
1166381, 6384.26
1000647, 11629.58
1133461, 10356.91
2251562, 4241.05
1866449, 2729.66
2085562, 2641.55
1831290, 6627.43
2082182, 3305.12
1608715, 8073.56
1565684, 23697.89
1535702, 12467.04
1681296, 3181.04
1956185, 5406.69
1769129, 5569.98
2358004, 4455.22
1433186, 5867.05
1833899, 12060.77
2009760, 7994.33
1310371, 14688.41
1611670, 6837.25
1025390, 4944.90
1129911, 6318.36
1344698, 8073.56
1989663, 17871.51
1690221, 12060.77
2359910, 2446.96
2213150, 6627.43
1054091, 17240.13
1396380, 3037.78
1125499, 7126.61
2055092, 3999.80
2355037, 6627.43
1201291, 13095.48
1432659, 12512.71
2354114, 4455.22
2214924, 3117.22
1624547, 12631.89
1519433, 4455.22
1636391, 3030.88
2035406, 3901.48
1548567, 3677.92
1713961, 7294.33
1132366, 4157.95
2216847, 2777.15
1702443, 5867.05
1822166, 17140.01
2355257, 4455.22
1116985, 16325.34
1690010, 19305.90
1268000, 7262.62
1614508, 9877.98
1205657, 11323.71
2355403, 6627.43
1540207, 9877.98
1671342, 8971.73
2357602, 3117.22
1133993, 15949.93
2356912, 2446.96
1522349, 2641.55
2214984, 6627.43
1595721, 4157.95
2071332, 4325.19
1083810, 8306.11
1494151, 9144.02
2354043, 9585.67
1181835, 12060.77
2216393, 9585.67
1036120, 15806.58
1766371, 3434.01
1864805, 8475.39
1816037, 19133.44
1977564, 5767.53
1697740, 5434.85
1501619, 11323.71
1863179, 3719.37
1802588, 9877.98
1589276, 11629.58
1537063, 3428.45
2212317, 9585.67
1639257, 11869.78
1145072, 4241.05
1430680, 6114.46
1324701, 6831.01
2003273, 18423.82
1049978, 12512.71
1977692, 5767.53
1597399, 4320.12
1856996, 15806.58
1768292, 12512.71
2358089, 4241.05
1744398, 8630.04
1648481, 6627.43
1114108, 7311.25
2200138, 2236.83
1814668, 8859.08
2022702, 3434.01
2008344, 6627.43
1396086, 20577.15
2358553, 2446.96
2038763, 6318.36
2350653, 6627.43
2352653, 6627.43
1606759, 12060.77
1415385, 2641.55
2090105, 3549.34
1760810, 12958.94
1532151, 24739.10
1041561, 9585.67
1284872, 7909.86
2063027, 9563.73
1371240, 4001.88
1625317, 7043.40
1180223, 7521.36
1879379, 6580.61
2090497, 3301.93
1742951, 7967.90
2173125, 9585.67
2212203, 4780.21
2042210, 12512.71
1687517, 18024.72
2087307, 4513.12
1629161, 7371.32
1485312, 21660.53
1840809, 13604.45
1309741, 6627.43
2254665, 1065.62
1752227, 2099.74
1646895, 21980.42
2352997, 6627.43
1553087, 7363.19
2005896, 4861.61
1465043, 7430.61
1766376, 9585.67
1187390, 4455.22
2358970, 3483.88
1693211, 6333.60
2356673, 2446.96
1547769, 2557.43
2086519, 6627.43
1455115, 5434.85
1173037, 7501.52
1811147, 5867.05
1563797, 19326.24
2358262, 3121.76
1368505, 9877.98
2216632, 5434.85
2356447, 3762.59
2236330, 6354.60
2328699, 3527.89
1516618, 2851.61
1375961, 3241.10
1591271, 21161.37
1099602, 2414.70
2050837, 6333.60
1049813, 8966.61
1391558, 22499.18
2351747, 5697.61
2053429, 5060.42
2351964, 9585.67
2262573, 4209.12
2018513, 16704.75
1431887, 4513.12
1841627, 4336.57
1837229, 4652.43
1986174, 12512.71
1654460, 6627.43
2054767, 12520.76
1873825, 5715.84
1268448, 11825.77
2353060, 6627.43
1067246, 4001.88
1276349, 2542.40
1714336, 4601.43
2216440, 5208.93
1485004, 9585.67
1716360, 6831.01
1868905, 16952.79
1854758, 11323.71
1450896, 2641.55
1463622, 8475.39
1121145, 4447.51
1050491, 10610.07
1539453, 4757.50
2353854, 4455.22
1827591, 5360.23
1512151, 8966.61
2353791, 4455.22
1012505, 19845.00
2215340, 10483.84
1392170, 11323.71
2353792, 6627.43
1275709, 4033.56
1440841, 11629.58
1494407, 2767.09
2353799, 6627.43
1555349, 3301.93
1756141, 11629.58
2349251, 5208.93
1567585, 9585.67
1424388, 7995.09
1566724, 9585.67
1156800, 3434.01
1707389, 6384.26
1158348, 20167.89
1806748, 18024.72
1162296, 11629.58
1661818, 6799.23
2334992, 3117.32
1828531, 4919.67
1864467, 5867.05
1690131, 7380.95
1493607, 13073.16
2265247, 2012.84
1277278, 4455.22
2054270, 3532.73
1983178, 0
1901568, 5211.30
1532387, 4745.63
1150083, 18177.92
2053672, 12531.48
1970489, 22206.83
1764762, 8306.11
1737171, 17780.88
1848061, 5867.05
1995474, 7040.45
1529763, 6000.65
1893005, 12060.77
1339455, 20658.34
1425889, 11629.58
2354123, 4455.22
2027922, 6627.43
1210060, 7262.62
1743548, 13403.89
1243268, 3797.98
2354102, 9585.67
2074402, 9585.67
1738000, 8160.79
1020109, 5360.23
2077613, 22097.89
2040613, 4753.51
1167019, 7321.92
1451977, 6912.24
1427799, 11629.58
1091111, 6384.26
1131305, 18846.29
1029656, 3847.96
1054961, 15759.51
2354303, 9585.67
1974141, 4597.58
1155548, 6837.25
2352869, 4209.12
1970734, 11629.58
2225970, 6627.43
1248637, 11323.71
2351824, 4455.22
1935560, 0.00
1135240, 15806.58
1813377, 3548.09
1768255, 5190.61
1564724, 10781.17
1257674, 7015.68
1125176, 18539.88
1162711, 9877.98
1880008, 2641.55
1354832, 3181.04
1771820, 12512.71
1785091, 22488.46
1398067, 4153.96
1417677, 18861.38
1690808, 12925.80
2241624, 5434.85
1467268, 6466.60
2078761, 2641.55
2075772, 4057.70
2149624, 3121.76
1670347, 11323.71
1473767, 16325.34
1141700, 2729.66
1987596, 3637.33
1578235, 11629.58
1938884, 7430.61
2006826, 9877.98
1598044, 3564.51
1676345, 5364.94
2350606, 6627.43
1503988, 2624.67
2022817, 5253.69
1320599, 4872.00
2087554, 3121.76
2349447, 4209.12
1492131, 6859.94
2087504, 2414.70
1809809, 5646.82
1427046, 11323.71
1764532, 12060.77
1665005, 5867.05
2357425, 2446.96
2353340, 4455.22
1407113, 11872.55
1577801, 6609.69
1898881, 12132.11
2340003, 3117.22
1618621, 6034.40
1202078, 4320.12
1029552, 4889.21
1585572, 12060.77
1416937, 12512.71
1493534, 7722.19
1488898, 7430.61
1150975, 4889.21
2354978, 6627.43
1368146, 8278.66
2352626, 6627.43
1328263, 4455.22
1995939, 8073.56
1889496, 6581.01
1344600, 3434.01
1491962, 12221.88
1523132, 8306.11
1397368, 15806.58
1237695, 6627.43
1385072, 12958.94
1724938, 6189.78
2355176, 6627.43
1060731, 3058.09
1969400, 5406.00
1326985, 4713.72
1434302, 6837.25
1563746, 17497.55
1813810, 8271.72
1983561, 4157.95
1807589, 6114.46
1167388, 6665.70
1763386, 6228.10
2087355, 2641.55
1670098, 7103.91
1682290, 4455.22
1851855, 9688.82
1916947, 4607.71
1634452, 8911.46
1250992, 18316.52
1176260, 5677.64
1499402, 8885.89
1588418, 31140.58
1524698, 7927.16
2214505, 2236.83
1626316, 11323.71
1396362, 19933.38
2352072, 6627.43
2062461, 4753.24
1995090, 12512.71
1546115, 8095.82
2088474, 5434.85
1913377, 17871.51
2082792, 2729.66
1893712, 19083.88
2358118, 0
1148418, 19695.37
1751038, 4180.66
2153623, 3181.04
1870256, 25334.19
1381220, 9877.98
1509702, 6837.25
1540542, 11323.71
2050455, 2641.55
1315575, 23331.08
2120618, 3181.04
1619364, 7040.45
1024195, 5439.38
1553260, 6483.57
1456287, 8971.73
1999066, 12060.77
2028430, 9373.56
2202392, 6627.43
1070540, 18052.44
2359162, 1945.07
1397173, 15806.58
1847598, 13871.30
1786714, 17539.76
1519427, 11612.25
1219873, 5513.33
2354210, 6627.43
1241308, 5060.42
1454807, 11323.71
1950596, 14765.78
1653535, 3726.51
1413012, 6837.25
2242536, 3121.76
1198751, 2962.82
1780000, 4032.66
2075067, 6384.26
1610862, 3078.37
1392164, 2744.57
1279974, 3307.93
1176645, 11323.71
1174155, 16952.79
1445697, 12060.77
1085751, 12512.71
1643796, 17259.93
2005859, 18463.17
2354296, 6627.43
1145587, 6179.52
1364580, 4334.44
1478562, 4153.96
1263387, 23203.71
1825379, 4320.12
2243827, 9585.67
1858094, 17641.71
1148875, 5570.30
2359104, 2446.96
1845766, 4072.22
1887021, 4463.63
1886345, 11629.58
1552994, 10483.84
1645384, 3156.57
1566463, 16766.80
1576661, 4413.82
1349467, 15942.39
2199938, 3658.25
1527874, 6431.32
1495663, 12951.95
1556336, 2641.55
1507860, 20686.05
1559181, 7537.98
1239783, 4679.12
2032115, 11323.71
1729764, 4266.45
1217992, 17223.51
1538783, 9585.67
1399231, 12060.77
1213101, 5360.23
2035813, 11323.71
2088070, 2729.66
1977634, 7994.33
1088743, 2309.71
1050017, 2740.59
1527102, 3946.72
1252614, 18539.88
1452751, 18471.06
1924461, 18539.88
1811411, 5360.23
1074502, 5767.53
1232634, 8964.74
2046643, 6627.43
1013919, 5567.50
1184626, 4303.07
1063008, 2641.55
1512464, 11909.12
1229248, 11323.71
1630832, 6627.43
1057668, 12512.71
2226398, 9585.67
2050238, 21980.42
1714808, 12214.62
1383617, 17718.31
2352142, 4455.22
1536294, 5149.46
2013814, 6311.31
1385014, 6938.75
1043152, 2414.70
1441447, 2641.55
1792642, 9171.45
1488953, 12060.77
1659531, 12512.71
1938497, 3724.58
1597682, 2641.55
1594318, 6665.70
2045974, 3222.68
1626866, 8552.41
1729100, 11061.09
1819058, 15806.58
1934571, 8317.14
1782500, 12512.71
1005006, 8073.56
1449465, 16325.34
1281796, 7994.33
1644836, 15806.58
1685900, 7262.62
1024077, 12958.94
1734329, 10483.84
1567384, 4755.34
1731908, 5867.05
1345489, 3413.55
1931928, 4033.56
1862316, 4157.95
2189029, 6627.43
1472212, 9585.67
1999150, 3329.21
1962431, 10125.39
2169828, 3117.22
2356551, 3205.17
1698772, 12060.77
1698913, 7405.44
1637740, 6627.43
1039838, 4325.19
1676852, 12060.77
1418822, 6384.26
1099958, 17899.23
1472162, 4520.88
1785141, 4689.13
1581424, 6859.94
2240963, 4180.66
1379492, 3434.01
1995788, 3301.93
1061676, 2814.00
1984464, 0
1282566, 12060.77
1311035, 3301.93
2346829, 4241.05
1034785, 4455.69
2326607, 4241.05
1296049, 9877.98
1074400, 4001.88
2359860, 4180.66
1249156, 6758.23
1326249, 3037.78
1465892, 3434.01
1069038, 12512.71
1498561, 7459.49
1663592, 7728.43
1564917, 8878.69
2237043, 3117.22
1512437, 4559.41
2076345, 2236.83
1607049, 27829.00
1763754, 16053.99
1028331, 4811.41
1153216, 2641.55
1721442, 16704.75
1065730, 10356.91
2353305, 6627.43
1450701, 12060.77
1520366, 7224.88
2353337, 4455.22
1881426, 4559.41
2198136, 5434.85
2223166, 6627.43
1277152, 3901.48
1132722, 2641.55
2352109, 6627.43
1982577, 6466.60
1456669, 7363.19
2200924, 3527.89
1493219, 5211.30
2086435, 2729.66
2070949, 24943.14
1989281, 15806.58
2074241, 2946.72
1906717, 5208.93
1107432, 6831.01
2207926, 5434.85
2350911, 6627.43
1411701, 9877.98
1598375, 12060.77
2021453, 7405.44
2062803, 3241.10
2087399, 3301.93
2055372, 6333.60
1337179, 16704.75
2073684, 3058.70
1994829, 4845.54
1165088, 2641.55
2213690, 5434.85
1241661, 0
1217015, 3241.10
1425058, 5867.05
1869711, 12060.77
1903752, 18446.05
1383438, 15806.58
1386748, 7405.44
1657234, 10483.84
1082256, 11323.71
2071819, 9877.98
2200866, 3121.76
2077488, 9562.96
1161287, 7380.95
1842950, 11323.71
1583120, 4157.95
2076305, 15580.43
1538401, 16523.35
1128645, 12060.77
1115939, 8293.80
2069354, 5867.05
2359493, 5434.85
1661605, 4919.67
2214960, 6034.40
1384862, 6627.43
2359054, 2446.96
1882862, 5867.05
2350482, 4455.22
2353625, 5208.93
2214533, 4180.66
1720246, 3301.93
2202886, 3658.25
2216845, 9585.67
2357330, 1945.07
1525458, 6627.43
2036563, 12060.77
2032339, 3567.94
1077420, 3198.43
1021474, 4455.22
1111095, 3058.70
1548199, 12060.77
2024483, 12060.77
1652121, 5646.82
1452571, 12512.71
1228348, 4001.88
1603845, 12512.71
1931242, 5479.18
1415823, 6466.60
2354357, 6627.43
1459265, 7521.54
1132278, 12527.75
1972362, 6095.86
2354705, 6627.43
1050518, 6627.43
2350645, 4455.22
1028765, 4455.22
1987133, 6893.00
2350648, 5208.93
1516181, 2708.38
2356710, 2202.26
2052036, 3305.12
1996007, 11323.71
1385741, 6330.73
2336534, 3117.22
1490660, 6333.60
2352192, 4455.22
2212385, 5434.85
1018233, 11629.58
1182638, 6120.59
2079501, 3434.01
1887487, 11629.58
1761110, 5049.13
1218624, 4601.43
2228838, 3527.89
1975432, 4153.96
1448724, 9915.87
1245800, 5240.82
1992055, 12512.71
1873807, 5867.05
1108041, 9877.98
1116076, 4072.22
2352325, 4864.98
1542543, 8630.04
1675281, 5867.05
1136061, 4001.88
2358127, 2446.96
1499660, 5554.83
2088203, 2641.55
2215146, 4180.66
1400787, 5867.05
1522437, 0
1553942, 16523.35
1551805, 16325.34
1968287, 6333.60
1841667, 3305.12
1186948, 9877.98
2212989, 3181.04
1799686, 3847.96
2144548, 2446.96
2355318, 9585.67
2050057, 6941.06
2033903, 11323.71
1607136, 2814.00
2350824, 4455.22
1836720, 3241.10
1288081, 7103.91
1726161, 12520.76
2354708, 6627.43
2330923, 3121.76
1152339, 4964.43
1065582, 15806.58
2351879, 4455.22
2350936, 4455.22
2351672, 4455.22
2356744, 2039.13
1054681, 4241.05
1827492, 6226.78
1770428, 12512.71
2359452, 1945.07
2264904, 3117.22
1359216, 1631.31
1394644, 8703.86
1613427, 3434.01
1500465, 5208.93
1560825, 11629.58
1526556, 7103.91
2352236, 6627.43
2352707, 4455.22
2030146, 12512.71
1756062, 8971.73
1185617, 24943.14
1400164, 4157.95
1960725, 3847.96
1728098, 8073.56
1762614, 7380.95
1382569, 8073.56
1776301, 7447.47
1522643, 5128.14
1063280, 5049.13
1317107, 7600.32
1425425, 4807.14
2353247, 9585.67
1261584, 9197.80
1535946, 4320.12
1784852, 4451.21
1569290, 18044.87
1625888, 20027.74
1925465, 16021.61
2042547, 8030.16
1132122, 6837.25
2092099, 2414.70
1399245, 5259.43
1656833, 6831.01
1494886, 15806.58
1862085, 9496.40
2264007, 3117.22
1175933, 7294.33
1537213, 12958.94
2354217, 4455.22
1416255, 15806.58
1159871, 20008.81
1096542, 6498.88
1323882, 18134.73
1387069, 7677.61
1249518, 12512.71
1892258, 16325.34
1111153, 9877.98
1522342, 3822.03
1504535, 11323.71
2069896, 2905.70
2213511, 5814.56
2234840, 4209.12
1623366, 7980.50
2357315, 4180.66
1516774, 16934.43
1806650, 16325.34
1574297, 13095.50
1678883, 5767.53
2355848, 2446.96
1205416, 12951.95
2353030, 6627.43
2065096, 19284.98
2006760, 8271.72
1698078, 9166.87
1762953, 9622.67
1708957, 21389.83
1235843, 9877.98
1554715, 6627.43
1135148, 17850.96
1014345, 16952.79
1698200, 6282.71
2205853, 2236.83
1349116, 7485.24
1433155, 5049.13
1756629, 5867.05
1154632, 11685.56
2355020, 3527.89
1479393, 7098.84
1365092, 4455.22
1748506, 5767.53
2232067, 4455.22
1153702, 4001.88
2354223, 6627.43
1439945, 3998.03
1512959, 17223.51
2353290, 6627.43
1610761, 9853.26
1447124, 15806.58
1013746, 8306.11
1861194, 16325.34
1824040, 6821.59
2026168, 11629.58
2351439, 7525.60
1910848, 12214.89
1030499, 17780.88
1679398, 4303.07
2355054, 6627.43
1423711, 12512.71
1581317, 12060.77
2226823, 3121.76
1343247, 5603.88
2213951, 9585.67
1878222, 6333.60
1015108, 5211.30
1727216, 7084.66
2213772, 4180.66
1912906, 11544.18
1624879, 4320.12
2041104, 16476.33
1544326, 8334.07
2090013, 2519.68
1022060, 16325.34
1764613, 4889.21
1869767, 5867.05
2355024, 4455.22
1982073, 11323.71
2029101, 5886.50
1565084, 9585.67
2357414, 3121.76
2084805, 2099.74
1803515, 11323.71
1549860, 5767.53
1608673, 6831.01
2043696, 7294.33
2352928, 4455.22
1920820, 5808.21
2356167, 4180.66
1310251, 3703.52
1458277, 2729.66
1465280, 17326.10
1793072, 2814.00
2050365, 4601.43
2238312, 4598.72
2213467, 5434.85
1445698, 6258.40
1796176, 7994.33
2351685, 25571.38
1855711, 7380.95
1038860, 3901.48
1578169, 16704.75
2359352, 2446.96
1739531, 19326.24
1184004, 19684.05
1704508, 2854.12
1109813, 9000.71
1476255, 15580.43
2357025, 4180.66
2014062, 4320.12
1196975, 9915.87
1352299, 8272.13
1028945, 16325.34
1040273, 3703.52
2080710, 4455.22
1041410, 2624.67
1956324, 10483.84
1793982, 7103.91
1151699, 8905.66
1274720, 18101.32
1138042, 21980.42
1785333, 16952.79
1778600, 16214.75
1655482, 4153.96
2356852, 4241.05
1368290, 2641.55
1472411, 3181.04
1903960, 7521.54
1196774, 8073.56
1953541, 15451.22
1038472, 4597.58
1008305, 9585.67
2352491, 5208.93
2354319, 6627.43
1990862, 17948.12
1339276, 6627.43
1585663, 7126.61
2006276, 19845.00
2008586, 6831.01
1737917, 10782.28
1803795, 14217.45
2213197, 5434.85
1687933, 15806.58
1594650, 4601.43
2010781, 11608.69
2354565, 4455.22
1408153, 8271.72
1596789, 18757.66
1165519, 11323.71
2352708, 5208.93
2080567, 2519.68
1338518, 20700.97
1569312, 6581.01
1206729, 8073.56
1478606, 4180.66
1720244, 9162.90
1576238, 3279.35
1276558, 15806.58
1279577, 8108.43
2212370, 5434.85
1358624, 7565.83
1037667, 5514.58
1494530, 13410.88
1123181, 9585.67
2352592, 6627.43
2354334, 9585.67
1616152, 3998.03
1790673, 3432.93
1897055, 17718.31
1791114, 13112.26
2164333, 4241.05
1491698, 16398.11
1599916, 5211.30
1442092, 3329.21
2351681, 9585.67
1135810, 16704.75
1373597, 12060.77
1892384, 5867.05
1654173, 2414.70
1559295, 3707.09
1042419, 10713.80
1880521, 6333.60
1564400, 4157.95
2053450, 4685.66
1113855, 5867.05
1366735, 10454.14
1307762, 4503.48
1394672, 2833.38
1713998, 11323.71
1035037, 9585.67
2000233, 4454.07
1796010, 11323.71
1280074, 12837.89
2352266, 4455.22
1125507, 8306.11
1901155, 4950.73
1424113, 2729.66
1849584, 19846.43
1164051, 11162.46
1369165, 14803.88
1383916, 20064.25
1112758, 6466.60
2245243, 3181.04
1701848, 9585.67
1817616, 18199.40
2005210, 7994.33
1888080, 12030.24
1348304, 13410.88
1816094, 7221.11
1421699, 12060.77
2212392, 9585.67
2353695, 6627.43
2212507, 2431.33
2074460, 2414.70
1698757, 17951.28
2079808, 3301.93
2352597, 6627.43
1103957, 6966.96
2022753, 5810.86
1760259, 5393.78
1084994, 2624.67
1325961, 12897.86
2074620, 3278.91
1647744, 17871.51
1345089, 18024.72
2009183, 8391.30
2090944, 2977.07
1495822, 5867.05
2036981, 4893.06
2034490, 9585.67
1045818, 19980.72
1005353, 6627.43
1443847, 12214.89
1516882, 5476.65
1429573, 6627.43
2069834, 4157.95
1133563, 6531.82
1651754, 4807.14
1546981, 7405.44
1417762, 8334.07
1924260, 18407.73
2043439, 13410.88
1866326, 7136.50
1279481, 2729.66
1689168, 10789.86
1171528, 7259.28
1553502, 16325.34
1521681, 4818.79
1112103, 9585.67
2089653, 2414.70
1011995, 6384.26
1115064, 6627.43
2351787, 9585.67
1645606, 10950.27
1578004, 12353.05
1361677, 23447.28
1317225, 8673.11
1095783, 4447.51
1282185, 3707.09
2213115, 2528.59
1562153, 0
2086452, 2624.67
2091197, 3181.04
1146962, 8073.56
1737521, 15806.58
1113832, 12060.77
1096007, 4771.29
1984384, 2923.76
1688067, 12221.88
2260653, 3527.89
1999036, 8306.11
1433506, 8483.94
1314199, 4689.13
1689144, 18024.72
1307659, 11629.58
1291185, 17780.88
1395431, 19797.43
1750507, 5460.50
2036946, 18305.82
2213365, 6034.40
1311053, 8073.56
1893186, 11323.71
1503223, 3998.03
1056636, 12060.77
1597260, 2414.70
1945078, 3901.48
2359366, 2446.96
1983836, 7715.74
1996692, 7723.91
1356959, 17948.12
1341355, 17326.10
1780465, 6815.19
1626297, 14900.91
1999326, 5867.05
1664687, 5466.94
2215995, 2446.96
1717498, 7994.33
1729652, 0
1255299, 7721.60
1692886, 4477.79
1082111, 23560.89
1113604, 12082.23
1760492, 13079.88
1285364, 12512.71
1008633, 8966.61
1366362, 9622.67
1374942, 5360.23
1013417, 6627.43
1239076, 12221.88
1127790, 17290.67
2357401, 2446.96
2071082, 3434.01
1758407, 8668.23
1899977, 2923.76
1884232, 4986.51
1585022, 18484.33
1680031, 18973.94
1350653, 5178.40
1209868, 11629.58
1717889, 5731.77
1810433, 5867.05
1562517, 3058.70
2214531, 9585.67
1167156, 8073.56
2357156, 5742.14
1309229, 2414.70
2007012, 2414.70
2081202, 9166.48
1380857, 2624.67
1842312, 20495.96
1286011, 4359.44
2212277, 3658.25
2036784, 8073.56
1631845, 5360.23
2229854, 3058.70
2062362, 5867.05
1712317, 7371.63
2065796, 12195.38
2355492, 6627.43
1880557, 4180.66
2055472, 3681.42
1995604, 11629.58
2088910, 6466.60
1725811, 6466.60
1803951, 6002.81
1345447, 2905.70
1202873, 9566.55
1584765, 22488.46
1261167, 10776.15
1204026, 16697.76
2086503, 6859.94
1451503, 7103.91
2357348, 2787.11
1296336, 3434.01
2354852, 9585.67
2351640, 4455.22
1341505, 4001.88
1081062, 2641.55
1495600, 8782.68
1658464, 10776.15
1747952, 8630.04
1906260, 12060.77
1864971, 5360.23
2252166, 2956.50
2034928, 7436.80
1975610, 2624.67
2357556, 2446.96
1899275, 11323.71
1349355, 6627.43
1166888, 4925.47
1006050, 11314.53
1586579, 9877.98
1741508, 12112.53
1228325, 7325.32
1167025, 16325.34
2089754, 3301.93
2356282, 2446.96
2148428, 3181.04
1519642, 3957.55
1373996, 10776.15
1579130, 12608.08
2212759, 9585.67
1797928, 7775.23
2231234, 3527.89
1480941, 4520.88
1825019, 3546.27
1025865, 12060.77
1960260, 8971.73
1556722, 3078.37
2222775, 6627.43
2352000, 6627.43
2214881, 9585.67
1446870, 3847.96
2206170, 5434.85
1585373, 7897.96
1843683, 15806.58
1877895, 11323.71
2357358, 2446.96
1373272, 11872.55
1994676, 6837.25
1726587, 12060.77
2216076, 3428.45
1440153, 12527.75
2011085, 2641.55
1845945, 12512.71
1050555, 4486.27
1824987, 5867.05
2084770, 3901.48
1324791, 34694.67
2353045, 4455.22
1316832, 2729.66
1862924, 12512.71
1456804, 10776.15
1119368, 10483.84
1982784, 12512.71
2226417, 5208.93
2356528, 2787.11
1348672, 3434.01
1704813, 11876.99
2354299, 6627.43
1695297, 12512.71
2354911, 6627.43
1779999, 6333.60
1496117, 2814.00
1056225, 5867.05
1380789, 7436.80
1697788, 7501.32
1728052, 6933.15
1678578, 5176.55
1537312, 11629.58
1010625, 12060.77
2351721, 6627.43
1972579, 9134.93
1730337, 3764.12
1460273, 8271.72
2356170, 2446.96
1618427, 16476.54
1203044, 4157.95
1197979, 6333.60
1161581, 3181.04
2357575, 2446.96
1323379, 6523.91
2031274, 12760.12
1977466, 7650.36
2063607, 8271.72
1157261, 3181.04
1423227, 8160.79
1870684, 2641.55
1457935, 10776.15
1443588, 6831.01
2079172, 6107.10
1771913, 3037.78
1686448, 11629.58
2355452, 4455.22
1963579, 15806.58
1198752, 6114.46
1503510, 7405.44
1730137, 3425.69
1227191, 5867.05
1428111, 9877.98
2357901, 2446.96
2212256, 6627.43
2091340, 6326.03
1183604, 4438.25
1042313, 19684.05
2351927, 6627.43
2329721, 3117.22
1001899, 12060.77
1167940, 3430.71
1129207, 2414.70
2357329, 2446.96
1785975, 17223.51
2357724, 2446.96
1000382, 8073.56
1887098, 11323.71
2355190, 6627.43
2350915, 7525.60
1820145, 2946.72
1182528, 3434.01
1735015, 11323.71
1431362, 4455.22
2354392, 6627.43
1188482, 10109.41
2265275, 3552.08
2353499, 4455.22
1350744, 17107.38
2213364, 9585.67
1689939, 7311.25
1144711, 2624.67
2257312, 4180.66
1162799, 7405.44
1896076, 11629.58
1422782, 12958.94
1354537, 7380.95
1398449, 11629.58
1261230, 7103.91
1804804, 6837.25
1516285, 3934.06
1360598, 12060.77
1299930, 12512.71
1407038, 21962.46
1734943, 6498.88
1486622, 11629.58
1582385, 11629.58
1254878, 15806.58
1814955, 4525.19
1078466, 9661.34
1210039, 4153.96
1140401, 13410.88
2226067, 3552.08
2090164, 3224.22
1338770, 12512.71
1674352, 12520.76
2001247, 16325.34
1029044, 12060.77
1092769, 7892.64
1805833, 6831.01
1525688, 11323.71
1767055, 8271.72
1503737, 7380.95
1589786, 7729.18
2355374, 9585.67
1079263, 4149.49
2214451, 5434.85
1535351, 15580.43
1635050, 7262.62
1630370, 4818.79
2053616, 12060.77
1789710, 12060.77
2354507, 6627.43
1586850, 16325.34
1609211, 3301.93
1834364, 16325.34
1791770, 7468.38
1146808, 12060.77
1646415, 7518.47
1245264, 11966.15
1443721, 12512.71
1816843, 8306.11
1620769, 3329.21
2174339, 4455.22
1243486, 15806.58
1908691, 6466.60
1752711, 9877.98
1539510, 15806.58
1869941, 7430.61
1331566, 8073.56
2084672, 2641.55
1923732, 17497.55
1750328, 8073.56
2354256, 6627.43
2159336, 4455.22
2214260, 9585.67
1504971, 9922.50
1268761, 4001.88
1703865, 8271.72
1028794, 12060.77
2355734, 5742.14
2353223, 5208.93
1063621, 3963.73
1192375, 18407.73
1303006, 16980.33
1628002, 3434.01
1250541, 5852.91
2020931, 5912.17
1658463, 12512.71
1159450, 8198.78
1971774, 12060.77
1147607, 4974.97
1977254, 7294.33
1255142, 4757.50
1480809, 4306.64
1407279, 4155.79
2035293, 8971.73
1352983, 6095.86
2359711, 2446.96
1476803, 4455.22
1085902, 9585.67
1469032, 3078.37
1657104, 10776.15
1187851, 12512.71
1798942, 5393.78
1444982, 4153.96
1673289, 6114.46
2358618, 2446.96
1088447, 8073.56
1902210, 7294.33
1683536, 8703.86
1984963, 16523.35
1503239, 17794.91
1603487, 7262.62
1519506, 6395.55
1690593, 3466.06
1637410, 13087.56
1769081, 12512.71
1405609, 4001.88
1002524, 17027.45
1452391, 7436.80
1425938, 3717.32
1958812, 20653.33
2032711, 3478.96
2227161, 4209.12
2018873, 12512.71
1252496, 14315.15
1849289, 14644.36
1092881, 12060.77
1826045, 13410.88
1199175, 15806.58
1804516, 6758.23
2221663, 4241.05
1015692, 3566.08
2351688, 6627.43
1952877, 13410.88
1429911, 4170.93
2266333, 4241.05
1941932, 4320.12
2357841, 4241.05
1959012, 19003.27
1124568, 21416.77
1169584, 6114.46
1124858, 3305.12
2065483, 5359.20
1990048, 3198.43
1237911, 7722.19
2351968, 6627.43
1431683, 3224.22
2062244, 12512.71
1126820, 4679.12
2214256, 6627.43
1542113, 3181.04
1045579, 6466.60
1916959, 3301.93
1058524, 16523.35
2226810, 5353.39
1959041, 12512.71
1594053, 9877.98
1881178, 15048.01
2354487, 6627.43
1303950, 11629.58
2358595, 4180.66
1341506, 3301.93
1323266, 7380.95
1289724, 4455.22
2205043, 3046.51
2357327, 2446.96
1722681, 12060.77
2077995, 5867.05
2351898, 4455.22
1522736, 6831.01
2351934, 6627.43
1483961, 12512.71
2354382, 6627.43
1674368, 13319.56
1371470, 15806.58
1349264, 7459.49
1330046, 12512.71
2200159, 2446.96
2072106, 7405.44
2153729, 3121.76
1144196, 8073.56
1059086, 6333.60
1883660, 12522.21
1195952, 3434.01
1934053, 13290.31
1424397, 2943.90
1931431, 11211.30
1361671, 12077.30
1782989, 12829.45
1318707, 6333.60
1784472, 5208.93
2174850, 5208.93
1152784, 10989.51
1744893, 14795.28
1311376, 6047.57
1331083, 6138.72
2041528, 3329.21
1850425, 3822.03
2202926, 6627.43
2024216, 16325.34
1551071, 9166.87
1033794, 19440.48
1823281, 16325.34
1236957, 4297.79
1772960, 4246.12
1234535, 17063.13
1694964, 18177.92
1990194, 2849.69
1115062, 6627.43
1177379, 4202.60
1784437, 5208.93
1805948, 9877.98
1691328, 4015.15
2090419, 4033.56
1582907, 6627.43
1274058, 7380.95
2347859, 3121.76
1260956, 3191.60
2352630, 4455.22
2355479, 6627.43
1655469, 8073.56
1826128, 3080.79
1197809, 2962.82
1135358, 5506.84
1961194, 5867.05
2359880, 5742.14
2215209, 4455.22
2359031, 1945.07
1316594, 12512.71
1846597, 4189.93
1739528, 4303.07
1192079, 8004.99
2073558, 1685.73
1201077, 3014.25
1327622, 2414.70
1903343, 8630.04
1639755, 6831.01
1732390, 5434.85
1392186, 6859.94
1780981, 3224.22
1008558, 17641.71
1016438, 5867.05
2025483, 9877.98
1370509, 6831.01
1332706, 13358.72
1800347, 3901.48
1670954, 3527.89
2350738, 5208.93
1739917, 17850.96
1625325, 16325.34
1718979, 12221.88
1468549, 12527.75
1719466, 12060.77
1211575, 8073.56
1558152, 15580.43
1493198, 13125.41
2352423, 5208.93
1963181, 9204.00
1474124, 12749.21
1268100, 17951.28
1639369, 6837.25
1054548, 4033.56
2352851, 6627.43
1095238, 9585.67
1148083, 8630.04
2358377, 2446.96
1589507, 9877.98
1584926, 6318.36
1164119, 3305.88
1255513, 9877.98
1395272, 7262.62
1672800, 3452.77
1335258, 12060.77
2353093, 6627.43
1454719, 12512.71
1335366, 12951.95
1169978, 12221.88
1653543, 6627.43
1613833, 23815.55
2351774, 4455.22
1059235, 4180.66
2358447, 2446.96
2355144, 5208.93
2068593, 9585.67
2233968, 3117.22
1866082, 17899.23
1398730, 21652.89
1329167, 11323.71
1325581, 3061.65
1556533, 3834.40
1433900, 18177.92
1920781, 4685.66
1494247, 9877.98
1365146, 12223.52
1308261, 6466.60
1899707, 15149.24
1567360, 18539.88
1327407, 13410.88
2210545, 6627.43
1074475, 24611.99
2214220, 6627.43
1028974, 8907.51
2032975, 18714.14
1137216, 20333.57
2069006, 3694.04
1875038, 4180.66
1749564, 728.41
1987386, 4209.12
2079282, 2542.40
1675775, 9877.98
1244816, 12520.76
1142363, 9877.98
1849483, 15580.43
1404192, 18144.76
1206679, 11842.06
1626548, 5111.96
2352951, 6627.43
1741405, 6758.23
1535211, 17053.11
1412561, 5208.93
1875391, 5360.23
1619689, 2936.35
1742151, 12060.77
1267841, 16325.34
2208945, 3121.76
1265003, 16952.79
2358557, 3121.76
2355862, 2202.26
1068478, 15806.58
2352674, 5208.93
1763372, 11629.58
1801229, 3637.33
1313507, 4455.22
2354751, 9585.67
1897867, 9585.67
2019631, 3301.93
1376161, 9877.98
2350720, 6627.43
1132983, 15806.58
1106496, 6333.60
1334484, 22499.18
1406098, 12660.32
2036800, 9585.67
1430466, 9585.67
2353004, 9585.67
1717010, 11323.71
1064226, 12527.75
1457363, 8146.37
1611874, 9585.67
1508223, 16495.18
1002211, 12221.88
1230830, 4325.19
2038060, 18407.73
2104067, 6627.43
1049767, 5867.05
1111101, 5846.40
1073385, 5208.93
1039497, 12060.77
1136269, 24943.14
2226359, 2525.47
1121095, 12958.94
2023611, 5049.13
1349225, 4601.43
1850082, 3851.66
1290417, 20171.19
2354576, 4455.22
2354054, 4455.22
2356728, 4180.66
2263580, 5208.93
1641618, 6758.23
1580768, 3301.93
2350615, 4455.22
1502766, 7040.46
2060209, 12229.13
2357455, 4180.66
1782841, 7103.91
1411507, 7703.46
1565542, 6898.52
1916250, 5982.60
2034319, 29438.53
2350488, 4455.22
1017304, 7668.81
1753370, 8073.56
1955071, 5093.41
1149734, 5045.14
1080890, 2641.55
1706701, 4157.95
2034555, 2624.67
1729636, 6580.61
1227433, 6384.26
1979642, 9197.80
1486367, 18679.05
1241378, 6837.25
1125054, 17780.88
1715232, 5554.83
1271397, 2699.29
1295436, 16053.99
2359754, 3861.19
1637538, 11832.67
1830208, 5208.93
1133199, 21161.37
1449687, 11323.71
1494657, 2729.66
1354378, 12308.18
2006031, 11629.58
1313402, 6466.60
1728305, 6333.60
1086757, 3518.27
2358467, 1945.07
1448516, 4455.22
1271109, 6072.50
1723023, 11323.71
1506304, 10617.66
1326794, 8073.56
1955925, 12060.77
2357726, 2120.70
2353847, 9585.67
1604414, 6466.60
2351094, 7525.60
1367437, 22387.60
1161042, 4153.96
1785976, 3698.16
2354176, 9585.67
1768084, 6627.43
2352940, 4455.22
2353124, 4455.22
1891245, 9585.67
1365619, 13410.88
1485993, 4095.37
2081229, 3901.48
1085119, 5985.00
2359568, 2446.96
2006328, 17843.97
2043331, 6318.36
1801052, 4125.01
1873855, 12512.71
1116038, 5867.05
1695104, 7380.95
1358741, 7994.33
1673525, 21958.69
2087261, 2729.66
1275122, 12512.71
1491551, 3837.90
1212147, 11323.71
1041562, 18024.72
1447535, 4944.90
1153926, 10094.63
2091834, 2099.74
1792960, 6837.25
1179967, 16952.79
1680847, 5360.23
1194989, 5379.78
1905339, 3181.04
2244922, 3527.89
1616612, 18846.29
1957799, 11323.71
1746472, 9688.30
2202449, 3552.08
1079439, 16523.35
1540889, 2641.55
2351593, 9585.67
1036612, 4033.56
1550725, 12958.94
1519319, 6178.02
1672979, 4403.97
1584480, 11323.71
1142496, 4455.22
2346362, 4209.12
1503727, 5165.88
2219884, 5208.93
1982858, 7994.33
1851839, 6637.33
1423482, 5935.75
1411896, 2624.67
2351544, 6627.43
2087479, 2324.05
1144347, 6820.80
1398819, 5393.78
1584073, 4241.05
1904614, 11629.58
2090984, 3301.93
1411649, 7254.91
1141846, 6831.01
1933189, 9877.98
1407103, 8905.66
1679033, 6386.78
1649941, 8971.73
2200818, 3128.01
1704786, 4453.04
1700787, 7161.84
1189116, 6831.01
1484556, 15806.58
1580220, 15806.58
1942525, 9877.98
1391982, 6859.94
1434221, 5379.78
1207172, 15806.58
2354246, 5208.93
1696150, 4919.67
1363778, 6627.43
1437852, 8306.11
1594717, 16325.34
1162783, 16704.75
1878512, 3998.03
1452721, 3727.29
1555684, 12289.22
1147739, 8271.72
1432112, 6831.01
2201050, 2236.83
1654907, 7677.61
2083783, 3434.01
2354250, 4455.22
2357506, 4180.66
2357177, 4180.66
1059557, 12958.94
1668421, 6318.36
1743759, 3705.18
1418012, 12189.39
2092149, 6107.10
1241690, 3945.57
2021025, 7103.91
2352311, 4455.22
1443173, 12060.77
2213749, 3058.70
2017754, 16689.22
1347611, 2606.71
2084681, 3353.59
1676994, 3655.48
2356404, 2446.96
2352457, 6627.43
2266152, 3527.89
1544250, 14843.37
2084767, 2624.67
2267169, 3527.89
1808362, 3901.48
2028084, 27326.42
2352984, 6627.43
1330697, 7380.95
2352480, 6627.43
1060824, 7380.95
1288540, 15806.58
2248820, 4209.12
2352442, 2970.15
1793918, 17718.31
2146361, 3121.76
1736251, 6466.60
2222635, 5208.93
1958840, 12512.71
1993889, 3058.70
1982392, 30132.39
1222906, 7994.33
1628111, 17240.13
1351946, 12099.19
1535253, 7728.43
1750321, 2729.66
1513118, 4486.27
1890764, 3169.86
1529942, 17641.71
2209995, 4241.05
1401007, 4771.76
1465057, 5434.85
1777016, 8971.73
1705226, 3901.48
2351246, 6627.43
1992618, 4180.66
2089081, 2662.11
2086137, 2446.96
1935629, 3580.54
2231871, 4455.22
1348228, 2641.55
1808185, 22970.51
1795089, 3181.04
1304295, 5208.93
1443246, 3125.70
2357139, 3552.08
1242822, 4757.50
2354133, 4455.22
1637708, 11323.71
1064760, 9877.98
1712348, 9229.59
1674670, 2962.82
2257786, 4455.22
1439466, 4559.41
1302647, 5935.75
1974084, 6627.43
2355972, 2446.96
2352338, 6627.43
1127614, 6831.01
2078735, 3058.70
1013603, 12060.77
2355759, 4455.22
1143018, 9585.67
1364772, 8475.39
2354373, 6627.43
1586752, 11323.71
1326732, 3532.73
1985167, 3434.01
1338804, 5867.05
1240100, 9585.67
1362789, 12512.71
2010795, 11629.58
2054705, 6627.43
1723771, 6466.60
1328090, 4001.88
1060294, 2542.40
2085298, 3698.16
2090245, 2641.55
1134244, 21980.42
1824464, 11323.71
2260784, 9585.67
2358229, 4180.66
2351274, 4455.22
1488109, 8464.56
2245301, 3117.22
1124158, 10483.84
1819874, 6095.86
1767487, 16952.79
1905775, 4089.61
1529509, 4861.35
2352427, 6627.43
1450823, 4622.71
2029859, 6627.43
1784746, 12512.71
1535280, 2624.67
1822360, 2641.55
1482017, 3169.86
2352265, 4455.22
2351108, 6627.43
2354750, 6627.43
1215625, 11323.71
2351314, 6627.43
2353752, 9585.67
1107999, 3658.24
1625535, 8073.56
1872801, 4455.22
1601118, 20008.81
2200050, 5852.91
2085342, 2414.70
2357547, 3552.08
2216501, 5353.39
1014605, 5867.05
2011421, 3181.04
1052799, 7430.61
1059958, 16952.79
1376367, 12060.77
1430296, 6190.15
1844329, 4147.94
2356226, 1945.07
1384258, 5051.21
1136741, 7728.43
1608000, 6203.27
1707640, 11136.09
1834980, 4944.90
2354070, 4455.22
2053364, 2744.57
1584960, 16697.76
1159471, 3434.01
1325414, 8073.56
2352227, 6627.43
1448815, 26344.40
2356113, 4455.22
1329947, 13095.48
1307645, 3524.60
2086841, 2542.40
1935384, 11629.58
1070870, 4001.88
1763288, 5867.05
1052341, 8073.56
2086854, 3226.74
2212227, 5353.39
2080329, 2446.96
1675806, 8905.66
1126141, 16325.34
1457459, 2641.55
1062758, 5434.85
1420050, 5867.05
2079442, 4455.22
1898955, 7126.61
1889316, 2802.58
1943217, 5867.05
1737816, 9585.67
1194629, 14843.37
1850424, 2833.38
1159349, 4001.88
1549176, 16952.79
1839137, 11629.58
1738386, 11629.58
1406832, 12221.88
2088261, 5867.05
1556666, 11629.58
1320139, 9585.67
1071050, 1945.07
2191950, 6627.43
1068956, 4334.44
1403079, 2943.90
1889889, 19845.00
1368765, 7430.61
2354648, 6627.43
1098025, 4601.43
1039518, 3156.57
1503526, 4601.43
2243082, 3215.38
1122097, 20653.33
1315630, 6682.06
1473064, 6627.43
1733198, 5867.05
1680908, 16325.34
1450895, 2624.67
1962903, 7430.61
1068068, 12512.71
1174805, 6466.60
2242443, 3658.25
2358222, 2202.26
1474218, 4659.17
2357597, 2446.96
1096026, 7126.61
1300314, 0.00
1439242, 9229.59
1410471, 15806.58
2026550, 12221.88
2027880, 20148.56
1609797, 5569.98
1233416, 9213.77
1112430, 6837.25
1413265, 27358.78
1075423, 4157.95
1557396, 3720.17
2359653, 2446.96
